    0  1  2  3  4  5  6  7  8  9 10 11 12 13 14 ... 44     energy num_oc. ...
0   1  1  1  1  1  0  0  0  0  0  0  0  0  0  0 ...  1 -61.093922       2 ...
3   1  1  1  1  1  0  0  0  0  0  0  0  0  0  0 ...  0 -61.093922      13 ...
2   0  0  0  0  0  1  1  1  1  1  0  0  0  0  0 ...  0 -61.093922       2 ...
4   0  0  0  0  0  0  0  0  0  0  1  1  1  1  1 ...  0 -61.093922       7 ...
1   0  0  0  0  0  1  1  1  1  1  0  0  0  0  0 ...  1 -61.093922       1 ...
5   0  0  0  0  0  0  0  0  0  0  1  1  1  1  0 ...  0 -57.916616       2 ...
6   1  1  1  1  1  0  0  0  0  0  0  0  0  0  0 ...  0 -57.916616       3 ...
7   1  1  1  1  1  0  0  0  0  0  0  0  0  0  0 ...  0 -57.782949       1 ...
8   1  1  1  1  1  0  0  0  0  0  0  0  0  0  0 ...  0 -57.356006       2 ...
9   1  1  0  1  1  0  0  0  0  0  0  0  0  0  0 ...  0 -56.869442       1 ...
10  0  1  1  1  1  0  0  0  0  0  0  0  0  0  0 ...  0 -56.806641       2 ...
11  1  0  1  1  1  0  0  0  0  0  0  0  0  0  0 ...  0 -56.538161       8 ...
12  1  1  1  0  1  0  0  0  0  0  0  0  0  0  0 ...  0 -55.721697       2 ...
13  0  0  0  0  0  1  1  1  1  1  0  0  0  0  0 ...  0 -55.721697       1 ...
14  1  1  1  1  0  0  0  0  0  0  0  0  0  0  0 ...  0 -55.551363       1 ...
16  1  1  1  1  1  0  0  0  0  0  0  0  0  0  0 ...  0 -55.238574       2 ...
15  0  0  0  0  0  1  0  1  1  1  0  0  0  0  0 ...  0 -55.238574       1 ...
17  0  0  0  0  0  0  0  0  0  0  1  1  1  1  0 ...  0 -53.692136       1 ...
18  0  0  0  0  0  0  0  0  0  0  1  1  1  1  0 ...  0 -53.629335       1 ...
19  0  0  0  0  0  1  1  0  1  1  0  0  0  0  0 ...  0 -53.373403       1 ...
20  1  0  1  1  1  0  0  0  0  0  0  0  0  0  0 ...  0 -53.369905       3 ...
21  1  0  1  1  1  0  0  0  0  0  0  0  0  0  0 ...  0 -53.360855       1